$ 1 0.000005 0.7703437568215379 99 5 43 5e-11
r 176 80 384 80 0 10
s 384 80 448 80 0 1 false
w 176 80 176 352 0
c 384 352 176 352 0 0.000015 0.00881987088205338 -10
l 384 80 384 352 0 1 0.00002093861978516801 0
v 448 352 448 80 0 0 40 5 0 0 0.5
r 384 352 448 352 0 100
o 4 64 0 4099 0.0390625 0.0001953125 0 2 4 3
o 3 64 0 4099 0.0390625 0.0001953125 1 2 3 3
o 0 64 0 4099 0.001220703125 0.0001953125 2 2 0 3
38 3 F1 0 0.000001 0.000101 -1 Capacitance
38 4 F1 0 0.01 1.01 -1 Inductance
38 0 F1 0 1 101 -1 Resistance
h 1 4 3
